      0/49     9.59G   0.08017  0.006784         0   0.08695         6      1280         0         0 0.0001161 4.362e-05   0.03612   0.01518         0
      1/49     10.8G   0.04324  0.006646         0   0.04989        10      1280         1  0.004255    0.1067   0.04045   0.02826   0.01421         0
      2/49     10.8G   0.03935  0.005586         0   0.04493         5      1280    0.9098   0.04293    0.9028    0.4024   0.02759   0.01034         0
      3/49     10.8G   0.03683  0.003799         0   0.04063         8      1280    0.8227    0.9489    0.9363    0.4654   0.02691  0.004774         0
      4/49     10.8G   0.03456  0.002606         0   0.03716         6      1280    0.8522    0.9489    0.9503    0.4764   0.02567  0.003554         0
      5/49     10.8G   0.03264  0.002066         0    0.0347         8      1280    0.8375    0.9574    0.9529    0.4901   0.02476  0.003227         0
      6/49     10.8G   0.03211  0.001782         0   0.03389         8      1280    0.8724    0.9532    0.9525    0.5023   0.02463  0.003003         0
      7/49     10.8G   0.03139  0.001599         0   0.03298         8      1280    0.9007    0.9574    0.9581    0.5133   0.02411  0.002932         0
      8/49     10.8G   0.03042  0.001493         0   0.03191         4      1280    0.7923    0.9532    0.9523    0.5384   0.02327  0.002858         0
      9/49     10.8G   0.03048  0.001445         0   0.03192        10      1280    0.8845    0.9532    0.9512     0.529   0.02325  0.002876         0
     10/49     10.8G   0.02957  0.001381         0   0.03095         2      1280    0.7721    0.9574    0.9489    0.5363   0.02389  0.002815         0
     11/49     10.8G    0.0299  0.001372         0   0.03127         4      1280    0.9073    0.9532    0.9512    0.5404   0.02351  0.002768         0
     12/49     10.8G   0.02911  0.001329         0   0.03044         4      1280    0.8564    0.9617    0.9605    0.5465   0.02251  0.002678         0
     13/49     10.8G   0.02886  0.001301         0   0.03017        13      1280    0.8927    0.9574    0.9623    0.5369   0.02265  0.002686         0
     14/49     10.8G   0.02876  0.001288         0   0.03004         7      1280     0.882    0.9617    0.9641    0.5484   0.02271  0.002579         0
     15/49     10.8G   0.02806  0.001269         0   0.02933         8      1280    0.8762    0.9574     0.961    0.5623   0.02163  0.002578         0
     16/49     10.8G   0.02768  0.001259         0   0.02894         6      1280    0.9045     0.966    0.9638    0.5612     0.022  0.002621         0
     17/49     10.8G    0.0277  0.001245         0   0.02895         8      1280    0.8873     0.966    0.9683    0.5577    0.0219  0.002534         0
     18/49     10.8G   0.02742  0.001222         0   0.02864         4      1280    0.9068     0.966    0.9659    0.5542   0.02228  0.002513         0
     19/49     10.8G   0.02777  0.001244         0   0.02901         6      1280    0.9185    0.9617    0.9651    0.5547   0.02198  0.002501         0
     20/49     10.8G   0.02724  0.001221         0   0.02846         8      1280     0.868    0.9532    0.9583    0.5721   0.02144  0.002494         0
     21/49     10.8G   0.02685  0.001199         0   0.02804         4      1280    0.9196    0.9617    0.9647    0.5773   0.02104  0.002468         0
     22/49     10.8G   0.02669  0.001193         0   0.02788        10      1280    0.9184    0.9617    0.9679    0.5841   0.02103  0.002459         0
     23/49     10.8G   0.02624  0.001187         0   0.02743         2      1280    0.9061    0.9574    0.9638    0.5888   0.02015  0.002461         0
     24/49     10.8G     0.026  0.001174         0   0.02718         0      1280    0.8878    0.9617    0.9661    0.5779   0.02123  0.002469         0
     25/49     10.8G   0.02574  0.001171         0   0.02691         0      1280    0.9419     0.966    0.9682    0.5823    0.0206  0.002426         0
     26/49     10.8G   0.02594   0.00116         0    0.0271         6      1280    0.8889    0.9617    0.9678    0.5825   0.02022  0.002477         0
     27/49     10.8G   0.02554  0.001168         0   0.02671         4      1280    0.9197    0.9617    0.9686    0.5882   0.02079  0.002408         0
     28/49     10.8G   0.02551  0.001144         0   0.02665         2      1280    0.9286    0.9574    0.9657    0.6018   0.01991   0.00236         0
     29/49     10.8G   0.02567  0.001176         0   0.02685         5      1280    0.9061    0.9532    0.9564    0.5777   0.02044    0.0024         0
     30/49     10.8G   0.02523  0.001147         0   0.02638         2      1280    0.8991    0.9574    0.9676    0.6017   0.02005  0.002387         0
     31/49     10.8G   0.02505   0.00113         0   0.02618         0      1280    0.9126    0.9617    0.9688    0.6057   0.01984  0.002369         0
     32/49     10.8G    0.0251  0.001131         0   0.02623         2      1280    0.8963    0.9617    0.9685    0.5997   0.02036  0.002374         0
     33/49     10.8G   0.02463  0.001119         0   0.02575         8      1280    0.9186    0.9574    0.9669    0.5996   0.02043  0.002368         0
     34/49     10.8G   0.02435  0.001117         0   0.02547         6      1280    0.9012    0.9574    0.9681    0.6014   0.01998  0.002343         0
     35/49     10.8G   0.02411  0.001101         0   0.02521         2      1280      0.91    0.9617    0.9708    0.6127   0.01946  0.002337         0
     36/49     10.8G   0.02372  0.001087         0    0.0248         9      1280    0.9261     0.966     0.972    0.6145   0.01954  0.002324         0
     37/49     10.8G   0.02383  0.001103         0   0.02494         0      1280    0.9127    0.9617    0.9681    0.6144   0.01898  0.002302         0
     38/49     10.8G   0.02346  0.001084         0   0.02454         4      1280    0.9263    0.9617    0.9691    0.6088   0.01903  0.002321         0
     39/49     10.8G   0.02362  0.001087         0    0.0247         6      1280    0.9269    0.9574    0.9682    0.6196   0.01922  0.002335         0
     40/49     10.8G   0.02312  0.001091         0   0.02421        10      1280    0.9332    0.9617    0.9686    0.6118   0.01915  0.002299         0
     41/49     10.8G   0.02307  0.001071         0   0.02414         4      1280    0.9306    0.9617    0.9677    0.6238   0.01887  0.002301         0
     42/49     10.8G   0.02295  0.001078         0   0.02403         4      1280    0.9266    0.9669    0.9784    0.6274   0.01891  0.002285         0
     43/49     10.8G   0.02268  0.001065         0   0.02375         4      1280     0.911    0.9617    0.9692    0.6347   0.01894  0.002273         0
     44/49     10.8G   0.02253  0.001072         0    0.0236         4      1280    0.9286    0.9617    0.9706    0.6231   0.01864    0.0023         0
     45/49     10.8G   0.02259  0.001064         0   0.02365        12      1280    0.9317     0.966     0.971    0.6283   0.01853  0.002283         0
     46/49     10.8G   0.02242  0.001058         0   0.02348         7      1280    0.9217     0.966     0.971    0.6336   0.01867  0.002277         0
     47/49     10.8G   0.02234  0.001052         0   0.02339        14      1280    0.9293    0.9617    0.9727    0.6354   0.01871  0.002286         0
     48/49     10.8G   0.02224  0.001053         0   0.02329         3      1280    0.9323    0.9617    0.9707    0.6219   0.01878  0.002291         0
     49/49     10.8G    0.0221  0.001038         0   0.02314        10      1280    0.9241    0.9617    0.9725    0.6287   0.01881   0.00228         0
